RMSE: 3.3510539531707764
MAE: 3.0648932456970215
